第1张图像的外参数矩阵:
(1)旋转矩阵：
[[ 0.02334737  0.99916839 -0.03342805]
 [-0.96815168  0.03093458  0.2484459 ]
 [ 0.24927337  0.02656286  0.9680688 ]]
(2)平移矩阵：
[[-0.73686517  0.08731821 -0.67037695]
 [-0.11411593 -0.99345952 -0.0039665 ]
 [-0.66633871  0.07357792  0.74201011]]
第2张图像的外参数矩阵:
(1)旋转矩阵：
[[ 0.01475047  0.99957624 -0.02509497]
 [-0.96859776  0.02051413  0.24778529]
 [ 0.24819509  0.02065198  0.9684899 ]]
(2)平移矩阵：
[[-0.036229   -0.9291762  -0.36785737]
 [ 0.90842106 -0.18402842  0.37537278]
 [-0.41648366 -0.32056999  0.8507504 ]]
第3张图像的外参数矩阵:
(1)旋转矩阵：
[[ 1.39955370e-02 -9.99111318e-01 -3.97580140e-02]
 [ 9.41482569e-01 -2.24545230e-04  3.37061600e-01]
 [-3.36770987e-01 -4.21488352e-02  9.40642747e-01]]
(2)平移矩阵：
[[-0.17338716 -0.95787085 -0.22895486]
 [ 0.98376253 -0.15750925 -0.08603563]
 [ 0.04634851 -0.24015468  0.96962753]]
第4张图像的外参数矩阵:
(1)旋转矩阵：
[[-0.00417914 -0.99938039  0.03494816]
 [ 0.93604785  0.00838713  0.35177276]
 [-0.35184792  0.03418326  0.93543281]]
(2)平移矩阵：
[[ 0.321029   -0.90968837 -0.26345294]
 [ 0.94220961  0.3349202  -0.00833695]
 [ 0.09581974 -0.24555149  0.96463622]]
第5张图像的外参数矩阵:
(1)旋转矩阵：
[[-0.01617375 -0.99629796  0.08443208]
 [ 0.94505947  0.01234158  0.32666539]
 [-0.32649809  0.08507674  0.94136122]]
(2)平移矩阵：
[[ 0.68242627  0.72607516  0.08431635]
 [-0.70737942  0.68506741 -0.17406034]
 [-0.18414327  0.0591397   0.98111862]]
第6张图像的外参数矩阵:
(1)旋转矩阵：
[[ 0.01082414 -0.99714471  0.07473469]
 [ 0.94715388  0.03418657  0.31895267]
 [-0.32059688  0.06733286  0.94481952]]
(2)平移矩阵：
[[ 0.65530368  0.753582    0.05187741]
 [-0.73139313  0.65017353 -0.20576315]
 [-0.18878873  0.09689457  0.9772258 ]]
第7张图像的外参数矩阵:
(1)旋转矩阵：
[[ 0.00677128 -0.99712479  0.07547389]
 [ 0.95103798  0.02974401  0.30763948]
 [-0.30899984  0.06969542  0.94850495]]
(2)平移矩阵：
[[-0.2492774   0.96357886 -0.09683269]
 [-0.88257317 -0.26719901 -0.38687116]
 [-0.39865447 -0.0109763   0.91703551]]
第8张图像的外参数矩阵:
(1)旋转矩阵：
[[-0.01023305 -0.99435909  0.10557126]
 [ 0.97013892  0.01571367  0.24204038]
 [-0.24233397  0.1048956   0.96450566]]
(2)平移矩阵：
[[ 0.18938074  0.98169912 -0.02004446]
 [-0.93728776  0.17465434 -0.30164137]
 [-0.29262021  0.07591249  0.95321074]]
第9张图像的外参数矩阵:
(1)旋转矩阵：
[[ 0.00179251 -0.99483306  0.10150849]
 [ 0.98449474  0.01956075  0.17432004]
 [-0.17540492  0.0996221   0.97944298]]
(2)平移矩阵：
[[-0.28428824  0.94506732 -0.1613318 ]
 [-0.88986264 -0.32273118 -0.32247336]
 [-0.35682584  0.05188776  0.93272878]]
第10张图像的外参数矩阵:
(1)旋转矩阵：
[[-0.01872196 -0.98751519  0.15640729]
 [ 0.984247    0.00930344  0.17655395]
 [-0.17580483  0.15724884  0.97178468]]
(2)平移矩阵：
[[ 0.37210878 -0.91110929 -0.17724253]
 [ 0.92615707  0.35183318  0.13581786]
 [-0.06138511 -0.21469344  0.97475053]]
第11张图像的外参数矩阵:
(1)旋转矩阵：
[[ 0.02949693  0.98834871  0.14932101]
 [-0.98472753  0.00308936  0.17407512]
 [ 0.17158561 -0.15217519  0.97334531]]
(2)平移矩阵：
[[-0.24324247 -0.87225751 -0.42426399]
 [ 0.69013502 -0.462988    0.55619759]
 [-0.68157666 -0.15750856  0.7145938 ]]
第12张图像的外参数矩阵:
(1)旋转矩阵：
[[ 0.02264511  0.98603203  0.16500918]
 [-0.98856758 -0.0025254   0.1507573 ]
 [ 0.14906824 -0.16653664  0.97470211]]
(2)平移矩阵：
[[ 0.99268468  0.11844574 -0.02340356]
 [-0.11954341  0.9914138  -0.05299094]
 [ 0.01692606  0.05540104  0.99832071]]
第13张图像的外参数矩阵:
(1)旋转矩阵：
[[ 0.04237121  0.98485375  0.16813019]
 [-0.96251277 -0.0048868   0.27119233]
 [ 0.2679064  -0.17331821  0.94772726]]
(2)平移矩阵：
[[-0.36394115  0.54163743 -0.75774385]
 [-0.8247326  -0.56546515 -0.00808052]
 [-0.43285445  0.62199522  0.65250208]]
第14张图像的外参数矩阵:
(1)旋转矩阵：
[[ 0.06312749  0.97815813  0.19804444]
 [-0.95848038  0.0041285   0.28512861]
 [ 0.27808324 -0.20782117  0.93780599]]
(2)平移矩阵：
[[ 0.99360051  0.1084898  -0.0314323 ]
 [-0.1098851   0.99284611 -0.04671046]
 [ 0.02613983  0.04986548  0.99841381]]
第15张图像的外参数矩阵:
(1)旋转矩阵：
[[-0.0301309  -0.9818088   0.1874663 ]
 [ 0.97056198  0.01609951  0.2403128 ]
 [-0.23895934  0.18918851  0.9524212 ]]
(2)平移矩阵：
[[ 0.30101774 -0.95361218 -0.00348171]
 [ 0.92659923  0.29162397  0.23742224]
 [-0.22539339 -0.07469446  0.97140031]]
第16张图像的外参数矩阵:
(1)旋转矩阵：
[[ 2.74284743e-02  9.93777888e-01  1.07949936e-01]
 [-9.67305129e-01 -8.51208035e-04  2.53614004e-01]
 [ 2.52127877e-01 -1.11376772e-01  9.61263100e-01]]
(2)平移矩阵：
[[-0.62635708 -0.68904746 -0.36454136]
 [ 0.40285808 -0.68647221  0.60536045]
 [-0.66736959  0.23231338  0.70756506]]
第17张图像的外参数矩阵:
(1)旋转矩阵：
[[ 0.05019839  0.99375561  0.09964895]
 [-0.95827673  0.0198123   0.28515467]
 [ 0.28139977 -0.10980557  0.95328742]]
(2)平移矩阵：
[[ 0.49922207  0.78350531 -0.36999561]
 [-0.86286799  0.488458   -0.12987536]
 [ 0.07896928  0.38409401  0.91991067]]
第18张图像的外参数矩阵:
(1)旋转矩阵：
[[ 0.05744303  0.97205137  0.22763221]
 [-0.9576173  -0.0108156   0.28784046]
 [ 0.28225769 -0.23451897  0.93023193]]
(2)平移矩阵：
[[ 0.49109976 -0.86665572  0.08791412]
 [ 0.79135966  0.48604855  0.37081894]
 [-0.36410289 -0.1125374   0.92453471]]
第19张图像的外参数矩阵:
(1)旋转矩阵：
[[ 0.04146265  0.97206347  0.23102697]
 [-0.97444473 -0.01174912  0.22431992]
 [ 0.22076756 -0.23442391  0.94673498]]
(2)平移矩阵：
[[ 0.99081872  0.12968115 -0.03822382]
 [-0.13100621  0.99078205 -0.03447179]
 [ 0.03340113  0.03916285  0.99867444]]
第20张图像的外参数矩阵:
(1)旋转矩阵：
[[-0.00371522 -0.9821172   0.18823393]
 [ 0.97639491  0.03708905  0.21278481]
 [-0.21596104  0.18458119  0.95879644]]
(2)平移矩阵：
[[ 0.32063579 -0.93276556  0.16474557]
 [ 0.94676213  0.32090531 -0.02571478]
 [-0.02888186  0.16421994  0.98600084]]
第21张图像的外参数矩阵:
(1)旋转矩阵：
[[ 0.02979232  0.9880953   0.15093079]
 [-0.94900266 -0.01945158  0.31466743]
 [ 0.31385725 -0.15260839  0.93712556]]
(2)平移矩阵：
[[ 0.96718267 -0.24489059  0.06772209]
 [ 0.24193505  0.96905532  0.04898178]
 [-0.07762163 -0.03098998  0.99650113]]
第22张图像的外参数矩阵:
(1)旋转矩阵：
[[ 0.00181743 -0.99996587  0.00805893]
 [ 0.94608927  0.00432971  0.32387706]
 [-0.3239009   0.00703584  0.94606485]]
(2)平移矩阵：
[[ 0.96974115  0.24322241 -0.02109433]
 [-0.24198688  0.96905002  0.04883035]
 [ 0.0323181  -0.04224825  0.99858431]]
第23张图像的外参数矩阵:
(1)旋转矩阵：
[[ 0.00524286  0.99994581 -0.00899375]
 [-0.96985292  0.00727591  0.24358238]
 [ 0.24363462  0.00744555  0.96983851]]
(2)平移矩阵：
[[ 0.99377582 -0.10686508  0.03145603]
 [ 0.10676958  0.99427266  0.00470495]
 [-0.03177866 -0.00131712  0.99949406]]
第24张图像的外参数矩阵:
(1)旋转矩阵：
[[ 0.0039131   0.99962994 -0.02691985]
 [-0.92448462  0.01387831  0.38096664]
 [ 0.38119926  0.02339623  0.92419681]]
(2)平移矩阵：
[[ 0.51112401 -0.82558798  0.23907474]
 [ 0.82696115  0.54818095  0.1250316 ]
 [-0.23428081  0.13379887  0.96291763]]
第25张图像的外参数矩阵:
(1)旋转矩阵：
[[ 0.02004125  0.99710106 -0.07340174]
 [-0.96547869  0.03837189  0.25764024]
 [ 0.25970992  0.06570439  0.96344885]]
(2)平移矩阵：
[[-0.33901237  0.93939465 -0.05107164]
 [-0.83503199 -0.2754557   0.47628325]
 [ 0.43334996  0.20411237  0.87780747]]
第26张图像的外参数矩阵:
(1)旋转矩阵：
[[ 0.02245609  0.99959644 -0.01739782]
 [-0.98083211  0.02539703  0.19319256]
 [ 0.19355644  0.01272599  0.9810066 ]]
(2)平移矩阵：
[[ 0.21731392 -0.890672    0.39934703]
 [ 0.9664134   0.25382612  0.04021748]
 [-0.13718529  0.3771945   0.9159173 ]]
第27张图像的外参数矩阵:
(1)旋转矩阵：
[[ 0.01678134  0.99985765  0.00175241]
 [-0.95391214  0.01548495  0.29968624]
 [ 0.29961644 -0.00670079  0.95403621]]
(2)平移矩阵：
[[ 0.86244984  0.49775533 -0.09176001]
 [-0.48220332  0.8631383   0.14990745]
 [ 0.15381881 -0.08504067  0.98443276]]
第28张图像的外参数矩阵:
(1)旋转矩阵：
[[ 0.02974547  0.99655425 -0.07742637]
 [-0.9708475   0.04723609  0.23499764]
 [ 0.23784522  0.06817908  0.96890725]]
(2)平移矩阵：
[[ 0.27686184  0.96011608 -0.0390466 ]
 [-0.85958249  0.26562489  0.43653335]
 [ 0.42949444 -0.08729566  0.89884036]]
第29张图像的外参数矩阵:
(1)旋转矩阵：
[[ 0.04121705  0.99814657 -0.04477263]
 [-0.97692732  0.04965822  0.20771873]
 [ 0.20955706  0.03517806  0.97716342]]
(2)平移矩阵：
[[-0.83335096  0.07998809  0.54692603]
 [ 0.19543896 -0.88291856  0.42691735]
 [ 0.51703944  0.46266264  0.72014824]]
第30张图像的外参数矩阵:
(1)旋转矩阵：
[[ 0.05060391  0.99768098 -0.04551827]
 [-0.9729151   0.05953851  0.22336376]
 [ 0.22555586  0.03298233  0.97367177]]
(2)平移矩阵：
[[-0.79145597  0.33372404  0.51207979]
 [-0.13222724 -0.91143486  0.38961835]
 [ 0.59675238  0.24065487  0.76548797]]
第31张图像的外参数矩阵:
(1)旋转矩阵：
[[ 0.05579597  0.99321787 -0.10200522]
 [-0.97629088  0.07567343  0.20280444]
 [ 0.20914808  0.0882711   0.97389183]]
(2)平移矩阵：
[[ 0.39778006  0.91572438  0.056744  ]
 [-0.85949825  0.35029001  0.37223602]
 [ 0.32098875 -0.19683943  0.92640189]]
第32张图像的外参数矩阵:
(1)旋转矩阵：
[[ 0.06913832  0.99090518 -0.11544181]
 [-0.97369951  0.09221001  0.20834244]
 [ 0.2170925   0.09800118  0.97121914]]
(2)平移矩阵：
[[ 0.77525114 -0.61035718  0.16263391]
 [ 0.63122487  0.7580855  -0.16389493]
 [-0.02325596  0.2297183   0.97297927]]
第33张图像的外参数矩阵:
(1)旋转矩阵：
[[ 0.07032941  0.99132038 -0.11107506]
 [-0.9719116   0.0931681   0.21611929]
 [ 0.22459211  0.0927556   0.97002824]]
(2)平移矩阵：
[[-0.14788205 -0.8605289   0.48746375]
 [ 0.96400624 -0.2355368  -0.12334663]
 [ 0.220959    0.45167735  0.86438689]]
第34张图像的外参数矩阵:
(1)旋转矩阵：
[[ 0.05304066  0.9947868  -0.08709709]
 [-0.97023094  0.07197711  0.23123846]
 [ 0.23630197  0.07223925  0.96899064]]
(2)平移矩阵：
[[-0.51340344  0.77736002  0.36349457]
 [-0.64743909 -0.62889275  0.43048407]
 [ 0.5632402  -0.01432859  0.82616897]]
第35张图像的外参数矩阵:
(1)旋转矩阵：
[[ 0.06460044  0.99424371 -0.08547643]
 [-0.94949364  0.08759697  0.30131145]
 [ 0.30706449  0.06169448  0.94968689]]
(2)平移矩阵：
[[-0.26113668 -0.86372193  0.43103603]
 [ 0.9060657  -0.3733325  -0.19916775]
 [ 0.33294531  0.33853696  0.88007963]]
第36张图像的外参数矩阵:
(1)旋转矩阵：
[[ 0.03269614  0.98954335 -0.14048103]
 [-0.96578301  0.06746257  0.25042359]
 [ 0.25728221  0.12748631  0.95788992]]
(2)平移矩阵：
[[-0.21451238  0.92239263  0.32121065]
 [-0.89940071 -0.31478444  0.30329709]
 [ 0.38087111 -0.2238361   0.89712574]]
第37张图像的外参数矩阵:
(1)旋转矩阵：
[[ 0.0466377   0.99124273 -0.12354258]
 [-0.96379714  0.07715664  0.25522916]
 [ 0.26252618  0.10716668  0.95895532]]
(2)平移矩阵：
[[-0.26007863 -0.88821616  0.37872307]
 [ 0.89969906 -0.36531591 -0.23892654]
 [ 0.35057198  0.2785971   0.8941381 ]]
第38张图像的外参数矩阵:
(1)旋转矩阵：
[[ 0.04213527  0.99049295 -0.13095169]
 [-0.95426341  0.07872513  0.28841583]
 [ 0.29598303  0.11280993  0.94850828]]
(2)平移矩阵：
[[-0.02161907  0.95096588  0.30853933]
 [-0.95992413 -0.10599819  0.25944181]
 [ 0.27942492 -0.29056545  0.91514667]]
第39张图像的外参数矩阵:
(1)旋转矩阵：
[[ 0.03796955  0.98762901 -0.15214222]
 [-0.96477099  0.07589639  0.2519061 ]
 [ 0.26033682  0.13721763  0.95571756]]
(2)平移矩阵：
[[-0.18037598  0.91719521  0.35527095]
 [-0.92156903 -0.28382893  0.26486157]
 [ 0.34376594 -0.27963204  0.89645463]]
第40张图像的外参数矩阵:
(1)旋转矩阵：
[[ 0.04354134  0.98917855 -0.14010693]
 [-0.96948755  0.07569927  0.23315984]
 [ 0.2412427   0.12567983  0.96229234]]
(2)平移矩阵：
[[ 0.58818811 -0.79948242  0.1219123 ]
 [ 0.7992568   0.55166101 -0.23845062]
 [ 0.12338282  0.23769306  0.96347221]]
第41张图像的外参数矩阵:
(1)旋转矩阵：
[[ 0.04239575  0.99126306 -0.12490051]
 [-0.97088192  0.07037683  0.22898778]
 [ 0.23577724  0.11155554  0.96538306]]
(2)平移矩阵：
[[-0.37745267 -0.83793218  0.39420697]
 [ 0.83376777 -0.49274771 -0.24906025]
 [ 0.40294018  0.23466861  0.88462978]]
第42张图像的外参数矩阵:
(1)旋转矩阵：
[[ 0.02127176  0.99020152 -0.13801618]
 [-0.96427824  0.05677783  0.2587349 ]
 [ 0.26403595  0.12758225  0.95603754]]
(2)平移矩阵：
[[-0.62168985 -0.68956715  0.371482  ]
 [ 0.63601892 -0.72123761 -0.2744016 ]
 [ 0.45714512  0.06567689  0.88696386]]
第43张图像的外参数矩阵:
(1)旋转矩阵：
[[ 0.01613482  0.98853049 -0.15015704]
 [-0.95254714  0.06085095  0.29824672]
 [ 0.30396317  0.1382195   0.94260371]]
(2)平移矩阵：
[[ 0.03982847 -0.98440074  0.17137349]
 [ 0.94656976 -0.01776056 -0.32200972]
 [ 0.32003029  0.17504211  0.9310966 ]]
第44张图像的外参数矩阵:
(1)旋转矩阵：
[[ 0.03700892  0.98903549 -0.14296553]
 [-0.95715739  0.07619809  0.27936282]
 [ 0.28719344  0.1265016   0.94948263]]
(2)平移矩阵：
[[-0.49748274  0.74651886  0.44183767]
 [-0.81109306 -0.58091972  0.06826654]
 [ 0.30763447 -0.32441004  0.8944938 ]]
第45张图像的外参数矩阵:
(1)旋转矩阵：
[[ 0.0610936   0.99122546 -0.11721634]
 [-0.96320491  0.08934209  0.25348431]
 [ 0.26173246  0.09741708  0.96021145]]
(2)平移矩阵：
[[-0.85801359 -0.36380303  0.36257418]
 [ 0.26924427 -0.919723   -0.28568713]
 [ 0.43740165 -0.14750242  0.88708671]]
第46张图像的外参数矩阵:
(1)旋转矩阵：
[[ 0.04152736  0.98662612 -0.15762102]
 [-0.96554845  0.08018973  0.24755969]
 [ 0.25688845  0.14191023  0.95596538]]
(2)平移矩阵：
[[-0.35146541  0.84903548  0.39447538]
 [-0.92540401 -0.37887401 -0.00905005]
 [ 0.14177266 -0.36822988  0.91886194]]
第47张图像的外参数矩阵:
(1)旋转矩阵：
[[ 0.06688932  0.99198278 -0.10721935]
 [-0.97147483  0.08925353  0.21970541]
 [ 0.22751369  0.08946496  0.9696564 ]]
(2)平移矩阵：
[[ 0.62951822 -0.77573412 -0.04408385]
 [ 0.75617576  0.62471414 -0.19475747]
 [ 0.17861982  0.08926824  0.97986027]]
第48张图像的外参数矩阵:
(1)旋转矩阵：
[[ 0.03148873  0.99431802 -0.10168643]
 [-0.96422786  0.05700997  0.25887159]
 [ 0.26319783  0.08989735  0.96054431]]
(2)平移矩阵：
[[ 0.38440497  0.9039763   0.18724227]
 [-0.91830129  0.39522381 -0.02282269]
 [-0.09463377 -0.16317166  0.9820486 ]]
第49张图像的外参数矩阵:
(1)旋转矩阵：
[[ 0.02465311  0.99342208 -0.11182481]
 [-0.96719938  0.0519907   0.24864096]
 [ 0.25281928  0.10202712  0.96211895]]
(2)平移矩阵：
[[-0.1754816  -0.98176019 -0.07316511]
 [ 0.95814358 -0.15323853 -0.24182398]
 [ 0.22620144 -0.11253834  0.96755777]]
第50张图像的外参数矩阵:
(1)旋转矩阵：
[[ 0.03465858  0.99900648 -0.02801504]
 [-0.96760618  0.04055709  0.24918546]
 [ 0.2500741   0.01847111  0.9680505 ]]
(2)平移矩阵：
[[-0.99347176  0.10126962  0.05251977]
 [-0.11228045 -0.94943873 -0.29318799]
 [ 0.02017326 -0.29717094  0.95461116]]
